316550
316551
301971
301972
301973
301974
300516
300517
300518
300519
293348
293349
293350
293351
293352
293353
290180
290181
290182
290183
290184
285058
285059
285060
285057
278303
278304
278305
278306
274788
274791
274810
274812
274816
273870
273884
273901
273915
273914
273933
274429
269000
269002
269003
269004
265912
265914
265918
265922
265923
263489
263499
263869
263872
263888
263927
268580
258129

258179
258201
258212
268577
256306
256308

256311
256313
256314
256294
256295
256296
256298
256299
256301
235810
235811
235812
235813
235814
234753
234754
234755
234756
234534
234539
234543
234549
234556
234564
233552
233553
233554
233555
233556
226644
226647
226652
226658
226670
226675
227596
227597
227601
227602
227693
227603
227684
227685
227686
227687
227688
227689
200838
200848
195637
185678
185682
185776
185791
306789
185795
185811
185815
179813
179818
179838
179848
179892
179902
179911
179927
176585
176586
176587
176588
176589
174653
174654
174655
174656
174657
174658
174659
174660
174661
174645
174646
174647
174648
174649
174650
174651
174148
174149
174150
174151
169676
169675
169807
169803
169748
169745
169736
153727
153733
153741
153752
153770

174131
174132
174133
174135
174136
174137
174138
174139
174140
174141
174142
174143
174144
174145
151262
151263
151264
151265
151266
151267
151268
151269
138032
138036
138040
138042
138060
138061
146588
146591
146596
146599
146601
146605
146609
146613
146616
146620
146624

146638
146643
146646
146650
146656
146658
146661
146666
146670
146681
146684
128750
128751
128752
128753
150945
128754

147511
147517
147520
147524
147527
147530
147537
147546
