2160159
2160163
2160161
2160160
2160162
2108244
2108243
2108245
2108247
2108246
2049700
2049701
2049698
2049702
2049704
2049699
2027217
2027221
2027219
2027218
1989731
1989728
1989729
1989732
1989730
1970397
1970395
1970393
1970394
1944348
1944347
1944349
1944346
1870107
1870106
1870104
1870105
1857917
1857915
1857918
1857916
1754401
1754400
1754402
1754403
1734220
1734214
1734215
1734217
1734218
1734216
1734219
1706594
1706599
1706593
1706596
1706597
1706595
1706598
1706592
1667056
1667058
1667059
1667055
1667054
1667057
1667060
1613677
1613678
1613680
1613679
1568320
1568323
1568322
1568324
1568321
1552288
1552287
1552286
1552289
1538905
1538908
1538904
1538903
1538906
1538907
1516518
1516515
1516516
1516514
1516519
1516517
1516520
1516513
1502794
1502796
1502798
1502795
1502799
1502797
1462157
1462154
1462155
1462156
1455252
1455251
1455250
1455249
1411513
1411510
1411514
1411511
1411512
1391290
1391293
1391291
1391292
1379761
1379762
1379760
1379763
1326557
1326556
1326558
1326555
1326559
1346331
1346332
1346333
1346334
1346336
1346335
1314693
1314696
1314691
1314694
1314695
1314692
1219097
1219094
1219095
1219063
1219096
1219098
1206038
1206036
1206039
1206037
1236460
1255444
1236461
1255446
1236457
1284323
1284324
1236458
1236462
1255448
1255445
1284321
1284322
1255449
1284325
1255447
1217857
1217858
1217859
1217860
1183908
1183909
1183910

1183912
1183913
1162350
1162351
1162352
1162353
1147955
1147956
1147957
1147958
1147959
1147960
1147961
1147962
1131344
1131345
1131346
1131343
1120583
1120584
1120585
1120586
1120587
1101822
1101823
1101824
1101825
1089024
1089025
1089026
1089027
1089028
1082037
1082038
1082039
1082040
1082041
1082042
1082043
1066101
1066102
1066103
1059514
1059515
1059516
1059517
1059519
1059520
1059518
1044732
1044733
1044734
1044735
1039489
1039490
1039491
1039492
1039493
1039494
1017461
1017462
1017463
1017464
1008732
1008733
1008734
1008735
1008736
1008737
1008738
990309
990310
990311
990312
990313
972640
972641
972642
972643
972644
972645
972646
962448
962449
962450
962447
950621
950622
950623
950624
950625
876639
876640
876642
876643
876641
792540
792541
792542
792543
792544
792545
792546
765570
765571
765572
765573
636866
636867
636868
636869
602383
602386
602387
602388
602389
602390
602391
602392
602393
602395
602397
602398
602399
602400
602401
602402
602403
602404
602405
602406
602407
602408
602409
602410
602411
602222
602223
602224
602225
585266
585267
585268
585269
585270
581772
581773
581774
581775
567114
567116
567117
567113
567115
506148
506149
506150
506151
506152
506153
506154
505242
505243
505244
505245
505246
504795
504796
504797
504798
504799
502103
502104
502105
502106
502107
502091
502092
502093
502094
502095
502096
502097
502098
502099
502100

382781
382782
382783
382784
382785
375835
375837
375840
375843
375845
375847
375849
363652
363659
363677
363681
363688
363697
355542
355547
355554
355562
355567
355485
355486
355487
355488
355489
355484
355490
347478
347479
347477
347480
347481
347482
347484
337247
337251
337255
337257
337261
333980
333982
333984
333987
333989
331606
331607
331608
331609
331610
331611
331526
331528
331529
331530
324139
324140
324161
324179
324221
324234
324266
320212
320213
320214
320215
320232
320240
320243
325358
316545
316548
316550
316551

301971
301972
301973
301974
300516
300517
300518
300519
293348
293349
293350
293351
293352
293353
290180
290181
290182
290183
290184
285058
285059
285060
285057
278303
278304
278305
278306
274788
274791
274810
274812
274816
273870
273884
273901
273915
273914
273933
274429
269000
269002
269003
269004
265912
265914
265918
265922
265923
263489
263499
263869
263872
263888
263927
268580
258129

258179
258201
258212
268577
256306
256308

256311
256313
256314
256294
256295
256296
256298
256299
256301
235810
235811
235812
235813
235814
234753
234754
234755
234756
234534
234539
234543
234549
234556
234564
233552
233553
233554
233555
233556
226644
226647
226652
226658
226670
226675
227596
227597
227601
227602
227693
227603
227684
227685
227686
227687
227688
227689
200838
200848
195637
185678
185682
185776
185791
306789
185795
185811
185815
179813
179818
179838
179848
179892
179902
179911
179927
176585
176586
176587
176588
176589
174653
174654
174655
174656
174657
174658
174659
174660
174661
174645
174646
174647
174648
174649
174650
174651
174148
174149
174150
174151
169676
169675
169807
169803
169748
169745
169736
153727
153733
153741
153752
153770

174131
174132
174133
174135
174136
174137
174138
174139
174140
174141
174142
174143
174144
174145
151262
151263
151264
151265
151266
151267
151268
151269
138032
138036
138040
138042
138060
138061
146588
146591
146596
146599
146601
146605
146609
146613
146616
146620
146624

146638
146643
146646
146650
146656
146658
146661
146666
146670
146681
146684
128750
128751
128752
128753
150945
128754

147511
147517
147520
147524
147527
147530
147537
147546
